47258
9435
10859
2292
1077
10513
31660
8948
34363
22763
55961
38061
8664
38450
8735
32437
31251
20321
52093
25296
39394
48736
20222
55023
46984
21017
20150
62369
2731
13470
18374
35282
26847
38369
50948
1525
24726
41295
9757
51461
54939
51901
42607
43506
48796
28017
22343
17517
25447
36436
38207
46117
55251
61558
6362
24031
38277
37250
31408
29193
770
4555
52147
59054
38593
33291
24684
49383
37169
36606
13878
43050
54242
2419
27086
59428
12355
22404
3790
14324
42153
29179
22494
55275
25232
44843
26544
55615
9545
49852
21276
44351
21637
2090
54503
27640
43631
25589
62475
40046
39241
50648
26011
43715
30912
40041
50045
41711
38754
22790
51624
14577
43242
30961
43941
41368
44642
26364
15469
16710
24877
61226
4850
49224
24215
60446
3560
42676
52589
19530
39332
15330
64445
35629
58130
2026
32457
16662
45871
65471
46009
31286
1661
5847
7091
7169
37979
43893
62031
48670
25150
1282
35216
619
12077
58891
27366
42452
64526
1491
63702
14850
13710
8078
20811
46629
3263
10165
31925
54097
23485
8711
35446
30525
3045
1316
5951
18019
21374
4829
56922
54459
18640
3741
25364
53915
14613
50579
29615
381
59841
28271
17303
45733
27389
33004
7882
4094
27240
51057
17569
30093
1384
38776
19571
45157
62119
20383
37564
3580
31362
29821
37313
50483
7824
1948
46303
26776
118
65098
10744
49041
4278
4109
28849
39561
52794
28396
60271
62538
59315
24040
33358
63775
24604
1095
31861
23140
61433
20123
4239
43937
15639
10388
53568
25693
10989
56603
1757
34874
62952
62526
15319
58639
1079
30939
48506
19727
22248
10798
38668
12596
20068
49053
39263
34423
1450
3948
21871
61074
57285
39729
35984
45908
867
48948
32076
16838
26772
33813
40956
30874
52488
56417
55978
19387
23387
59891
61405
62699
4672
49477
61516
10172
163
782
50080
34148
15374
36576
28862
56110
3811
33674
43596
35976
15428
48258
18522
59377
24500
64923
50288
3151
24254
2244
33118
29280
39755
60312
42136
9308
5463
60661
35579
11256
62262
42228
28476
50516
63401
62431
44141
29599
17754
48918
9025
10842
28562
38131
44313
23704
16442
39707
13297
59821
52089
29917
64173
36112
24959
8568
56701
44402
44886
11383
54845
9556
59331
60543
56583
58772
7559
63270
20851
8369
4260
25294
29991
984
36955
59791
9398
57578
15382
33436
59385
4872
56687
37313
42842
54624
52735
24297
53171
47687
56258
8629
29396
28373
59153
36765
65205
64909
1436
34102
31218
53463
19945
5497
53284
19519
36648
1075
40215
61902
8567
29439
4619
44784
43744
21100
1142
6831
11686
64303
61943
9544
62646
11656
51551
63314
64327
38707
38177
34055
15618
60049
46971
43112
62530
33764
17688
27447
11319
37834
12065
34847
13579
51264
23016
4213
30804
30711
29089
37473
58460
26038
19158
4461
42277
19457
57496
41403
10797
33635
36490
31850
34879
16379
63816
61924
7929
5419
13266
46362
2496
43155
5365
39153
19523
49077
23516
65382
56027
7650
14146
59424
38746
64084
65268
49790
6940
12447
29589
58710
44905
45001
42194
54522
9597
5820
45698
20017
22472
57072
63834
25389
65077
61537
57392
54731
10126
64591
26353
16525
6733
34379
52432
36380
38763
5514
8011
46415
31231
41621
18443
44542
30405
63417
15296
6426
20178
25822
16508
9432
8472
55713
56873
52197
42620
13015
61483
44269
3227
19160
31546
24054
54155
9782
24333
19787
35624
26819
46949
63494
36043
6407
50311
31846
54888
39554
32576
21644
64634
45418
37110
21581
49220
21686
17518
56102
14392
3499
10298
35212
41116
42548
34827
44840
55997
61894
38471
5547
22844
36501
7075
49748
47188
38733
50869
50774
35098
24496
49569
15536
59162
32943
2142
8744
18390
43763
5706
51840
37888
61669
58865
21524
640
31651
59967
41323
23956
59523
40089
3710
21153
57087
30586
19897
11655
51505
47518
38637
59523
64325
6614
39106
51710
125
43019
27493
57800
13987
29717
6515
38823
23327
14171
12902
9529
12030
10867
16387
17802
57750
25642
59022
40162
33706
39859
60869
23466
24364
60389
28384
26478
45569
16824
59936
58717
62566
29827
5290
22982
34270
41626
50605
45173
21959
20805
34842
27127
57080
64329
64628
55840
38921
11629
25706
56411
52267
3243
26707
41626
43695
9737
25785
19459
15772
46147
21636
49300
57854
7096
47746
59243
52932
14680
49993
44396
12635
17779
14015
31340
26975
30632
46783
41761
63243
19809
13992
7797
49729
20627
36303
17677
31320
32937
34073
43531
61705
3031
50758
11369
32028
56134
41373
14465
41922
37059
46354
53638
33197
63721
7705
25352
44892
41210
1445
35548
42539
13267
1061
1006
65043
32177
4466
39634
13882
31419
29434
40239
7349
41081
24733
34121
21530
42679
59154
47942
59340
28802
58561
9717
23071
23077
56419
60734
6576
7533
48866
16494
54683
45465
48193
11024
47733
2207
41349
33550
15386
20438
18408
49978
45767
26130
8159
13708
48145
36290
61599
10404
675
64945
31547
3173
51689
55138
52877
14784
23799
13878
49012
55801
19055
32472
10023
55800
10531
53899
16283
5760
31662
36459
46151
63062
11105
2736
50111
30640
64799
25225
7400
20088
21778
59682
63702
4406
38993
5336
20607
39616
32234
5580
62421
46823
43743
321
46596
59602
1797
30584
55515
39359
21215
60934
24467
18253
43231
21699
63374
22684
48805
40922
46006
6605
60715
56727
60822
64965
16626
58106
15703
44592
5528
17961
41022
41515
2691
21071
37711
60442
28781
56444
7733
44921
43530
26002
34971
14282
23575
49506
47740
63967
45956
36719
5690
57634
31375
11787
61803
10916
12280
29880
44968
47107
54701
28431
59621
13441
46741
34189
62209
40670
62806
65026
40108
51895
20539
33172
58822
13463
10393
25222
2008
5104
34400
45105
12106
61091
33446
50153
56437
4575
15970
54718
444
15467
19630
21568
39488
30380
16947
11982
41693
36089
60839
65033
5516
57623
38770
64111
50514
20447
35057
64846
48974
47214
1504
23666
9123
19052
54499
19797
16194
8506
28226
41141
3540
55838
59964
5062
12610
50104
53917
10357
55978
64859
3439
29284
5812
23826
12513
35490
28050
15215
45794
26684
52520
21603
37100
45105
16935
50380
16132
43874
6927
52336
59129
62848
44645
25740
17231
42029
9118
60216
43893
39343
19575
7231
14633
62204
53967
20536
18734
1286
48431
33521
64428
